1 1 3 4 5 5 8 9 12 13
14 15 17 18 19 20 20 20 21 22
23 27 28 30 30 32 32 33 34 35
36 41 42 45 46 48 48 49 50 50
51 51 53 54 58 59 59 60 61 62
63 64 64 65 66 67 68 68 71 71
71 71 72 73 74 74 75 75 79 80
81 83 84 87 87 87 87 88 88 88
90 91 91 92 92 93 95 100 101 101
106 106 107 108 109 110 111 111 112 115
116 117 120 121 122 122 122 123 123 123
124 124 124 130 131 131 132 132 133 134
135 136 136 136 137 137 138 138 139 139
140 141 143 144 145 146 146 148 150 151
152 153 154 154 155 156 158 158 158 159
159 160 160 162 163 163 166 167 167 170
170 171 171 171 174 176 176 177 177 177
179 180 181 181 183 186 190 190 191 194
194 195 196 196 196 198 198 199 199 200
204 204 204 204 205 207 210 211 211 212
212 213 214 214 215 216 219 220 221 222
222 224 224 225 225 226 227 228 228 228
229 230 231 231 232 233 234 239 240 242
243 243 243 243 243 245 246 248 248 248
248 249 250 251 251 252 253 253 253 254
254 254 254 256 257 258 260 262 263 263
263 263 263 264 264 265 266 266 267 269
269 270 274 274 275 276 276 277 278 280
285 285 287 287 288 289 290 290 291 292
294 294 295 299 300 300 301 303 303 304
305 306 307 307 309 311 312 312 312 313
314 315 316 318 319 321 322 324 324 325
326 330 330 331 331 332 332 336 338 339
339 340 343 346 349 350 350 353 353 355
355 356 357 357 357 358 358 359 360 363
363 364 364 365 366 367 367 368 368 368
369 370 370 371 371 371 371 371 372 374
377 378 378 379 379 380 381 382 383 385
386 390 391 391 392 392 394 394 396 396
397 397 398 398 401 401 402 404 405 406
407 410 414 416 417 418 419 421 422 423
424 424 425 429 430 430 433 433 434 435
437 441 443 444 446 446 448 448 450 450
451 454 454 455 455 455 456 457 458 459
459 459 459 460 460 460 460 461 461 462
462 462 464 465 469 470 470 471 472 473
473 474 474 475 476 477 480 482 483 484
484 484 485 485 485 485 485 486 487 488
490 490 490 494 497 499 500 503 503 504
504 505 505 506 507 507 508 511 511 512
513 513 514 514 514 515 515 515 517 518
518 519 519 522 524 525 525 526 526 527
530 530 530 533 533 533 534 535 537 540
540 541 541 543 543 544 544 546 547 547
550 550 551 553 554 556 556 558 561 562
564 565 565 567 568 568 568 569 570 571
571 571 572 572 572 574 575 575 575 576
577 577 577 577 580 581 584 584 586 586
588 589 589 589 590 590 590 591 592 593
593 594 596 597 597 598 598 598 599 599
599 599 600 600 600 601 602 602 605 607
607 607 608 608 609 611 612 612 615 616
616 617 618 618 621 625 626 627 627 629
630 631 632 632 632 632 634 637 638 638
639 641 645 646 646 647 649 650 650 650
650 651 651 652 653 654 657 657 658 658
658 659 659 659 661 661 663 664 664 666
666 666 666 667 667 669 670 672 672 673
673 676 676 676 677 677 678 680 683 683
685 686 687 689 690 690 690 693 695 695
695 696 697 698 699 700 701 705 706 706
706 706 707 708 709 709 710 711 711 711
712 714 715 715 716 717 719 720 721 721
723 725 726 728 728 730 730 730 731 732
732 734 734 735 735 736 736 736 737 741
742 742 743 744 744 746 747 747 747 748
749 750 750 754 755 758 759 760 761 762
762 762 763 763 764 765 768 768 769 769
769 770 771 771 775 775 776 777 777 779
782 782 783 784 785 788 790 790 792 793
795 796 796 797 797 798 799 800 801 802
802 802 803 803 804 809 810 813 813 813
814 815 817 819 819 820 824 826 827 829
829 830 830 831 832 834 836 836 836 836
838 838 838 839 839 840 840 842 843 843
843 844 844 845 846 848 848 849 849 849
850 850 850 854 855 856 857 857 860 862
862 864 865 867 867 868 871 873 873 879
879 880 880 881 881 882 882 886 886 886
890 891 893 894 894 894 895 895 896 896
896 897 898 900 901 902 902 902 903 903
904 905 906 907 909 910 911 911 911 914
915 919 920 923 923 928 929 931 932 932
932 933 933 934 934 934 935 936 937 939
939 941 941 942 947 949 949 949 950 950
950 951 951 952 953 955 957 959 963 964
965 965 965 965 966 967 968 968 969 969
970 971 972 972 973 974 975 978 978 979
979 979 980 983 983 984 985 985 986 986
989 992 992 994 997 998 1001 1001 1002 1002
1003 1003 1004 1007 1008 1010 1011 1013 1019 1021
1022 1026 1028 1030 1032 1033 1034 1036 1038 1038
1040 1042 1043 1044 1047 1047 1048 1049 1050 1051
1051 1051 1052 1054 1054 1054 1057 1058 1058 1058
1059 1059 1059 1060 1061 1062 1062 1063 1064 1065
1065 1067 1067 1069 1069 1069 1069 1070 1070 1070
1070 1070 1071 1071 1072 1072 1075 1076 1077 1077
1078 1078 1078 1079 1079 1080 1081 1081 1084 1085
1086 1088 1092 1093 1093 1093 1095 1096 1096 1096
1097 1097 1098 1100 1100 1100 1100 1100 1101 1102
1102 1102 1103 1107 1108 1108 1109 1111 1112 1113
1113 1114 1114 1114 1117 1119 1120 1121 1121 1122
1122 1123 1125 1126 1126 1126 1128 1129 1132 1132
1133 1134 1134 1135 1139 1139 1139 1140 1140 1141
1141 1141 1143 1144 1147 1148 1152 1153 1154 1155
1157 1157 1157 1157 1158 1158 1158 1158 1158 1159
1159 1161 1165 1165 1165 1165 1166 1168 1169 1170
1172 1173 1173 1174 1174 1175 1178 1178 1178 1178
1179 1179 1180 1180 1181 1181 1182 1184 1186 1186
1186 1188 1189 1189 1190 1190 1190 1191 1191 1192
1193 1194 1195 1196 1197 1197 1198 1199 1201 1201
1202 1202 1205 1205 1206 1206 1209 1209 1210 1213
1213 1213 1216 1216 1220 1221 1222 1225 1227 1227
1229 1229 1231 1233 1233 1234 1235 1238 1238 1238
1240 1245 1245 1246 1247 1248 1248 1248 1251 1251
1252 1256 1257 1258 1260 1260 1262 1262 1262 1263
1263 1265 1265 1266 1268 1268 1268 1268 1270 1270
1271 1275 1275 1277 1278 1278 1279 1284 1284 1285
1287 1288 1288 1289 1290 1291 1292 1292 1292 1292
1293 1293 1296 1296 1297 1298 1299 1301 1304 1304
1306 1306 1308 1308 1308 1309 1309 1310 1310 1311
1311 1312 1314 1315 1316 1318 1318 1319 1319 1319
1320 1321 1322 1322 1323 1323 1324 1325 1327 1328
1328 1329 1330 1332 1334 1334 1336 1336 1336 1337
1342 1343 1343 1344 1344 1345 1346 1346 1346 1348
1348 1348 1349 1349 1350 1350 1350 1351 1351 1352
1352 1352 1353 1355 1355 1356 1358 1358 1358 1358
1358 1360 1360 1361 1361 1361 1361 1364 1364 1366
1368 1368 1369 1370 1371 1372 1373 1374 1375 1375
1376 1376 1378 1379 1380 1380 1381 1382 1384 1384
1386 1388 1391 1391 1391 1391 1391 1392 1394 1395
1395 1396 1397 1398 1398 1398 1398 1399 1400 1401
1402 1404 1405 1407 1408 1409 1411 1411 1412 1413
1413 1413 1414 1415 1415 1417 1417 1418 1420 1421
1422 1423 1424 1425 1426 1426 1427 1427 1429 1429
1429 1430 1432 1432 1433 1433 1436 1436 1437 1437
1437 1438 1439 1439 1439 1442 1442 1444 1446 1447
1447 1448 1451 1451 1451 1452 1454 1455 1455 1455
1456 1457 1458 1458 1459 1460 1460 1460 1461 1461
1462 1463 1463 1464 1464 1466 1467 1468 1469 1469
1470 1471 1474 1474 1475 1475 1476 1476 1477 1478
1479 1479 1480 1480 1480 1480 1481 1481 1482 1484
1484 1487 1488 1489 1489 1489 1490 1490 1491 1493
1493 1493 1494 1496 1497 1499 1499 1501 1501 1501
1502 1503 1506 1507 1507 1507 1507 1508 1509 1509
1509 1511 1511 1513 1513 1515 1515 1515 1521 1521
1521 1526 1526 1528 1529 1533 1535 1536 1536 1536
1538 1538 1538 1539 1540 1541 1541 1542 1543 1545
1545 1546 1546 1547 1549 1549 1549 1550 1552 1552
1554 1556 1557 1558 1559 1560 1560 1560 1561 1563
1568 1569 1571 1571 1571 1571 1572 1573 1576 1577
1578 1581 1582 1583 1583 1587 1589 1591 1591 1592
1593 1593 1594 1595 1595 1596 1597 1598 1598 1598
1599 1599 1600 1602 1603 1605 1607 1607 1607 1609
1611 1612 1614 1614 1615 1616 1618 1619 1621 1625
1625 1628 1629 1630 1630 1633 1634 1635 1635 1636
1636 1636 1637 1637 1637 1638 1639 1639 1640 1642
1643 1643 1645 1646 1647 1647 1647 1648 1650 1650
1651 1651 1653 1653 1654 1656 1657 1660 1660 1661
1662 1665 1667 1667 1667 1668 1668 1668 1669 1669
1670 1670 1672 1674 1674 1674 1675 1679 1680 1680
1682 1683 1684 1684 1686 1686 1687 1688 1688 1688
1689 1689 1691 1691 1692 1695 1695 1696 1697 1698
1698 1699 1701 1705 1706 1706 1707 1709 1709 1710
1710 1710 1711 1712 1712 1714 1715 1715 1716 1718
1719 1720 1722 1723 1723 1724 1726 1727 1727 1729
1730 1730 1730 1731 1731 1732 1733 1737 1739 1740
1742 1742 1742 1743 1743 1744 1744 1745 1745 1746
1749 1751 1751 1753 1754 1755 1755 1757 1758 1758
1759 1760 1762 1763 1764 1765 1765 1766 1767 1768
1768 1771 1775 1775 1775 1776 1778 1779 1779 1780
1781 1782 1782 1783 1783 1784 1784 1786 1786 1786
1787 1787 1788 1790 1790 1790 1790 1791 1793 1793
1795 1796 1798 1799 1801 1804 1806 1806 1807 1809
1811 1812 1813 1814 1814 1815 1818 1819 1822 1822
1825 1826 1827 1828 1830 1837 1838 1841 1845 1845
1845 1845 1846 1847 1847 1849 1852 1853 1857 1858
1859 1859 1860 1860 1863 1863 1864 1864 1865 1866
1867 1868 1868 1868 1868 1869 1870 1870 1871 1873
1875 1876 1878 1880 1880 1880 1882 1884 1884 1886
1886 1886 1886 1887 1888 1889 1889 1889 1891 1892
1895 1896 1897 1897 1902 1902 1904 1906 1907 1908
1908 1909 1910 1910 1910 1911 1911 1911 1911 1912
1913 1913 1915 1915 1915 1915 1917 1918 1918 1919
1919 1919 1919 1920 1920 1921 1921 1922 1923 1923
1927 1928 1928 1928 1929 1929 1930 1930 1931 1931
1932 1933 1933 1936 1937 1937 1937 1938 1938 1940
1941 1941 1942 1942 1942 1943 1944 1946 1946 1947
1947 1947 1947 1948 1948 1949 1951 1952 1954 1957
1961 1961 1961 1963 1963 1964 1965 1965 1967 1970
1971 1972 1972 1972 1973 1973 1974 1975 1975 1976
1976 1977 1978 1979 1980 1982 1983 1984 1989 1989
1990 1991 1994 1995 1995 1995 2000 2000 2001 2001
2003 2003 2005 2005 2005 2005 2005 2006 2006 2008
2010 2010 2011 2011 2012 2012 2012 2013 2013 2015
2016 2016 2017 2018 2018 2019 2019 2020 2020 2020
2023 2023 2025 2027 2035 2035 2038 2038 2039 2039
2040 2040 2041 2042 2043 2044 2045 2045 2046 2046
2046 2046 2047 2049 2049 2054 2055 2057 2057 2057
2059 2061 2062 2062 2062 2063 2064 2065 2066 2068
2070 2071 2072 2073 2075 2076 2076 2080 2080 2082
2082 2083 2083 2083 2084 2085 2087 2087 2088 2088
2089 2094 2094 2094 2098 2098 2100 2104 2105 2106
2106 2106 2106 2106 2107 2108 2109 2110 2113 2118
2119 2121 2121 2122 2125 2125 2125 2127 2128 2128
2129 2129 2130 2134 2136 2137 2138 2138 2139 2139
2139 2143 2143 2143 2145 2145 2145 2145 2146 2146
2146 2146 2149 2149 2150 2150 2151 2151 2152 2153
2154 2155 2155 2155 2158 2159 2159 2159 2160 2161
2161 2162 2162 2162 2163 2163 2163 2164 2164 2165
2165 2166 2167 2170 2171 2173 2174 2175 2175 2176
2176 2177 2178 2178 2181 2181 2181 2183 2183 2184
2185 2187 2190 2191 2192 2193 2193 2195 2198 2198
2200 2202 2205 2205 2206 2207 2208 2210 2210 2216
2218 2218 2219 2219 2219 2222 2223 2223 2223 2224
2226 2227 2228 2228 2229 2229 2230 2230 2231 2232
2236 2238 2238 2240 2240 2240 2241 2241 2242 2242
2242 2243 2248 2248 2249 2250 2251 2252 2253 2256
2256 2259 2259 2259 2259 2260 2261 2261 2261 2262
2265 2265 2266 2266 2267 2268 2271 2272 2275 2276
2276 2276 2277 2277 2278 2280 2280 2281 2283 2286
2287 2287 2289 2289 2291 2296 2297 2297 2298 2298
2298 2299 2300 2300 2304 2304 2304 2306 2307 2308
2309 2312 2312 2314 2315 2317 2317 2317 2318 2320
2322 2323 2326 2331 2331 2332 2333 2333 2333 2333
2337 2339 2339 2341 2342 2343 2344 2346 2346 2348
2348 2349 2349 2350 2352 2353 2353 2353 2353 2353
2356 2357 2357 2359 2359 2360 2360 2361 2361 2361
2361 2363 2363 2364 2366 2368 2369 2370 2370 2371
2372 2373 2374 2374 2377 2379 2380 2381 2382 2389
2390 2390 2391 2394 2396 2396 2397 2398 2399 2399
2400 2400 2401 2402 2403 2403 2405 2408 2409 2411
2412 2413 2413 2415 2415 2416 2416 2417 2418 2418
2420 2420 2421 2421 2421 2421 2421 2422 2422 2425
2429 2430 2430 2432 2432 2433 2434 2435 2435 2436
2437 2440 2441 2441 2442 2445 2445 2449 2450 2451
2452 2452 2453 2455 2455 2457 2457 2458 2459 2460
2460 2461 2461 2461 2462 2463 2464 2464 2465 2466
2467 2468 2469 2470 2471 2471 2471 2472 2473 2473
2475 2476 2476 2477 2478 2479 2480 2483 2483 2484
2485 2486 2487 2488 2490 2491 2492 2494 2500 2501
2501 2504 2504 2504 2509 2509 2510 2511 2513 2513
2514 2515 2519 2520 2520 2520 2522 2528 2528 2529
2529 2533 2533 2534 2535 2535 2539 2539 2542 2543
2547 2549 2549 2549 2549 2550 2552 2553 2554 2554
2554 2555 2555 2556 2558 2559 2563 2564 2564 2565
2566 2567 2567 2568 2569 2570 2573 2573 2573 2573
2574 2575 2577 2581 2582 2583 2583 2585 2587 2587
2589 2590 2591 2593 2593 2593 2595 2595 2596 2596
2597 2597 2598 2605 2606 2608 2611 2611 2612 2614
2614 2615 2615 2616 2617 2620 2621 2621 2622 2623
2623 2625 2626 2626 2628 2628 2629 2629 2629 2632
2632 2634 2634 2635 2636 2637 2637 2638 2639 2639
2640 2640 2642 2642 2643 2643 2645 2645 2647 2647
2648 2648 2650 2652 2652 2656 2659 2659 2659 2662
2664 2666 2666 2666 2666 2667 2667 2668 2669 2670
2671 2673 2675 2675 2676 2676 2677 2677 2679 2680
2681 2681 2682 2682 2683 2685 2685 2686 2687 2688
2688 2689 2689 2689 2689 2690 2691 2692 2693 2694
2695 2695 2696 2698 2699 2700 2703 2703 2703 2706
2707 2707 2710 2710 2711 2711 2712 2712 2713 2713
2714 2714 2715 2716 2716 2717 2717 2717 2718 2718
2719 2720 2721 2722 2724 2726 2728 2728 2728 2728
2729 2730 2730 2732 2732 2734 2737 2738 2739 2739
2741 2742 2744 2748 2748 2749 2750 2752 2753 2753
2756 2757 2759 2759 2759 2761 2762 2762 2763 2764
2766 2767 2768 2768 2770 2771 2773 2774 2775 2776
2776 2777 2777 2778 2780 2780 2781 2783 2783 2786
2788 2789 2789 2791 2791 2793 2796 2796 2797 2797
2800 2800 2804 2804 2806 2807 2808 2811 2812 2813
2813 2815 2815 2815 2820 2821 2821 2823 2823 2826
2828 2829 2830 2831 2832 2832 2833 2834 2834 2835
2835 2836 2836 2838 2839 2839 2840 2841 2842 2842
2842 2845 2845 2845 2847 2847 2848 2848 2848 2848
2849 2850 2852 2852 2852 2852 2853 2858 2858 2859
2860 2860 2862 2863 2864 2864 2864 2870 2871 2873
2874 2875 2875 2876 2877 2878 2878 2878 2879 2881
2881 2882 2883 2884 2885 2887 2889 2890 2890 2891
2892 2893 2893 2893 2893 2895 2896 2896 2896 2897
2897 2897 2899 2899 2899 2900 2900 2901 2901 2904
2904 2905 2907 2908 2908 2912 2913 2914 2914 2916
2918 2918 2919 2919 2920 2921 2921 2921 2921 2925
2925 2926 2928 2930 2930 2930 2931 2931 2931 2932
2932 2932 2933 2933 2933 2934 2934 2935 2935 2936
2937 2938 2938 2941 2943 2945 2945 2947 2949 2952
2952 2955 2955 2956 2957 2958 2958 2959 2959 2960
2960 2960 2960 2960 2962 2962 2963 2964 2965 2966
2966 2967 2969 2969 2970 2970 2970 2970 2972 2972
2973 2973 2976 2977 2979 2980 2981 2981 2981 2982
2983 2983 2984 2985 2986 2989 2989 2990 2991 2992
2993 2994 2998 2998 3000 3000 3002 3002 3002 3003
3003 3004 3010 3010 3012 3013 3014 3014 3015 3015
3015 3017 3019 3020 3023 3025 3025 3025 3025 3029
3030 3031 3032 3032 3032 3035 3036 3037 3037 3038
3039 3040 3043 3044 3045 3045 3046 3046 3046 3049
3049 3050 3050 3052 3052 3054 3054 3057 3065 3065
3066 3066 3067 3068 3068 3068 3069 3071 3072 3074
3074 3076 3076 3079 3080 3081 3081 3081 3082 3084
3084 3085 3086 3091 3091 3092 3092 3093 3094 3094
3095 3096 3098 3100 3101 3102 3106 3108 3108 3110
3110 3111 3112 3113 3113 3114 3116 3118 3118 3119
3119 3122 3123 3124 3125 3125 3126 3126 3127 3128
3128 3129 3129 3130 3132 3133 3134 3135 3136 3136
3136 3137 3141 3145 3145 3146 3146 3147 3149 3150
3151 3151 3157 3158 3159 3161 3162 3162 3163 3164
3164 3164 3167 3168 3168 3169 3170 3173 3173 3174
3174 3174 3175 3175 3175 3175 3177 3177 3177 3181
3182 3183 3183 3184 3184 3185 3185 3186 3186 3187
3189 3193 3197 3197 3198 3198 3198 3199 3199 3202
3202 3203 3203 3207 3207 3208 3209 3209 3210 3210
3211 3213 3216 3216 3217 3217 3218 3219 3223 3225
3226 3226 3226 3226 3229 3230 3230 3230 3231 3233
3233 3233 3234 3236 3237 3237 3240 3242 3243 3245
3245 3246 3246 3247 3247 3249 3250 3250 3250 3252
3253 3254 3255 3256 3257 3258 3258 3259 3259 3259
3259 3260 3261 3261 3261 3261 3263 3263 3263 3263
3264 3266 3266 3267 3267 3269 3270 3270 3271 3271
3273 3273 3275 3277 3279 3282 3282 3282 3282 3282
3283 3283 3284 3284 3286 3287 3290 3291 3292 3293
3294 3294 3297 3297 3298 3299 3302 3302 3303 3303
3304 3305 3308 3310 3311 3311 3313 3313 3316 3317
3319 3319 3320 3321 3322 3322 3323 3324 3324 3324
3325 3325 3329 3330 3331 3331 3333 3333 3334 3335
3339 3340 3342 3343 3345 3346 3347 3347 3347 3348
3349 3350 3350 3351 3353 3354 3354 3354 3354 3355
3356 3356 3356 3359 3361 3361 3362 3363 3364 3364
3364 3365 3366 3367 3368 3368 3370 3371 3372 3373
3373 3373 3374 3375 3375 3375 3375 3376 3376 3377
3379 3379 3379 3383 3383 3384 3384 3385 3385 3386
3386 3391 3393 3394 3394 3394 3396 3397 3398 3399
3400 3401 3402 3405 3407 3409 3409 3409 3410 3411
3411 3411 3416 3416 3417 3422 3423 3424 3424 3426
3428 3428 3429 3429 3429 3429 3430 3430 3430 3431
3434 3434 3434 3435 3437 3438 3438 3439 3439 3439
3439 3441 3442 3442 3443 3443 3444 3444 3445 3445
3446 3448 3448 3449 3449 3449 3450 3451 3451 3451
3452 3454 3458 3459 3459 3459 3460 3461 3461 3462
3463 3464 3466 3467 3467 3468 3470 3470 3472 3473
3473 3477 3481 3481 3482 3483 3483 3483 3484 3486
3488 3489 3491 3491 3493 3493 3493 3493 3494 3495
3495 3496 3498 3499 3500 3500 3503 3504 3507 3507
3509 3510 3511 3512 3512 3513 3513 3513 3515 3516
3517 3521 3521 3522 3528 3528 3531 3531 3532 3532
3533 3534 3535 3536 3542 3543 3546 3549 3549 3551
3551 3553 3555 3561 3562 3563 3566 3566 3566 3567
3567 3567 3567 3568 3568 3568 3569 3570 3571 3573
3573 3573 3574 3575 3575 3575 3576 3578 3579 3583
3585 3587 3588 3589 3592 3592 3593 3593 3593 3594
3594 3596 3596 3599 3599 3602 3603 3603 3604 3604
3605 3606 3608 3610 3611 3611 3612 3612 3612 3613
3613 3615 3618 3618 3619 3620 3623 3625 3626 3627
3628 3630 3632 3635 3636 3639 3640 3641 3642 3643
3643 3645 3645 3646 3649 3649 3650 3651 3652 3653
3654 3655 3655 3656 3656 3656 3657 3657 3657 3661
3661 3662 3662 3662 3662 3666 3667 3668 3669 3670
3674 3674 3674 3675 3676 3677 3678 3679 3679 3680
3681 3682 3682 3683 3683 3684 3687 3688 3690 3692
3692 3695 3697 3697 3699 3699 3700 3700 3702 3702
3703 3703 3704 3704 3705 3706 3707 3707 3708 3711
3713 3713 3715 3715 3716 3718 3718 3719 3719 3720
3721 3722 3724 3724 3725 3725 3726 3726 3728 3728
3731 3732 3733 3733 3734 3734 3738 3738 3739 3739
3740 3742 3745 3746 3747 3749 3750 3753 3755 3758
3760 3761 3763 3765 3765 3766 3767 3767 3768 3769
3772 3773 3774 3774 3777 3778 3782 3782 3783 3784
3790 3790 3791 3793 3793 3793 3794 3795 3795 3796
3796 3796 3797 3799 3799 3800 3801 3802 3804 3804
3805 3805 3806 3808 3808 3811 3812 3813 3814 3815
3816 3816 3817 3818 3818 3820 3821 3821 3823 3823
3824 3825 3826 3828 3829 3829 3831 3832 3832 3836
3839 3839 3839 3840 3845 3846 3847 3848 3849 3850
3851 3852 3852 3852 3857 3857 3857 3859 3859 3866
3867 3868 3870 3870 3871 3872 3874 3875 3876 3878
3879 3879 3879 3881 3883 3883 3883 3884 3884 3885
3885 3886 3886 3887 3887 3887 3887 3888 3888 3889
3891 3892 3892 3893 3893 3898 3898 3898 3899 3901
3902 3903 3904 3904 3905 3905 3906 3906 3907 3907
3908 3909 3910 3910 3911 3913 3913 3915 3915 3916
3916 3917 3917 3918 3918 3919 3919 3920 3921 3921
3921 3922 3923 3923 3924 3925 3925 3926 3927 3929
3930 3932 3932 3934 3935 3936 3937 3937 3939 3940
3940 3941 3942 3942 3942 3944 3945 3945 3945 3947
3947 3948 3950 3951 3952 3953 3954 3954 3955 3956
3958 3958 3960 3961 3962 3963 3964 3967 3967 3967
3968 3970 3975 3975 3976 3976 3978 3978 3980 3980
3980 3980 3981 3982 3985 3985 3986 3986 3986 3986
3986 3988 3989 3989 3991 3992 3993 3994 3994 3996
3996 3996 3996 4000 4000 4000 4000 4001 4002 4003
4003 4007 4008 4008 4008 4010 4011 4012 4013 4014
4016 4018 4019 4020 4022 4022 4022 4023 4023 4025
4025 4025 4026 4026 4027 4029 4031 4033 4034 4034
4035 4035 4036 4037 4039 4041 4041 4041 4041 4042
4042 4043 4044 4044 4045 4045 4046 4046 4047 4051
4051 4051 4052 4053 4054 4054 4055 4055 4056 4057
4059 4061 4062 4062 4064 4064 4065 4065 4065 4065
4067 4067 4067 4068 4069 4070 4070 4071 4071 4072
4072 4072 4074 4075 4076 4078 4078 4079 4080 4082
4084 4084 4084 4085 4086 4088 4089 4089 4089 4090
4090 4092 4093 4096 4097 4098 4098 4099 4100 4101
4103 4103 4104 4105 4106 4106 4108 4108 4111 4112
4112 4113 4113 4113 4114 4116 4119 4119 4119 4119
4121 4121 4121 4124 4124 4124 4124 4125 4126 4126
4126 4126 4127 4129 4129 4131 4131 4133 4136 4136
4136 4137 4137 4140 4141 4141 4142 4143 4144 4145
4148 4150 4150 4150 4151 4152 4153 4157 4158 4159
4159 4160 4160 4160 4161 4162 4166 4166 4167 4169
4170 4171 4174 4174 4174 4176 4176 4177 4178 4179
4180 4181 4182 4184 4184 4186 4190 4192 4194 4195
4196 4196 4197 4198 4198 4199 4199 4200 4200 4201
4201 4201 4204 4205 4205 4206 4207 4211 4212 4212
4213 4214 4214 4215 4215 4219 4220 4220 4220 4221
4222 4223 4224 4224 4224 4225 4226 4227 4228 4229
4229 4231 4231 4234 4235 4236 4237 4237 4238 4238
4239 4239 4239 4243 4244 4244 4245 4245 4246 4246
4246 4247 4247 4249 4250 4254 4254 4255 4255 4256
4256 4261 4262 4264 4266 4267 4268 4270 4272 4274
4276 4277 4278 4278 4278 4280 4283 4284 4287 4287
4288 4288 4290 4291 4293 4295 4297 4297 4299 4299
4300 4301 4302 4304 4306 4307 4308 4309 4309 4310
4311 4311 4314 4314 4314 4316 4316 4318 4319 4320
4321 4322 4322 4322 4323 4323 4325 4325 4326 4326
4327 4329 4330 4332 4334 4335 4335 4336 4336 4342
4343 4344 4344 4344 4346 4347 4347 4348 4349 4350
4351 4351 4353 4354 4355 4355 4356 4358 4359 4359
4361 4361 4363 4363 4363 4364 4365 4365 4366 4366
4369 4369 4371 4371 4371 4372 4372 4374 4376 4376
4376 4377 4378 4379 4380 4380 4380 4381 4383 4383
4384 4385 4385 4386 4386 4386 4387 4388 4388 4389
4389 4390 4392 4396 4397 4399 4400 4400 4400 4401
4402 4402 4403 4404 4406 4408 4409 4411 4413 4413
4414 4414 4415 4416 4416 4418 4419 4420 4424 4424
4425 4425 4425 4429 4429 4430 4431 4432 4433 4436
4436 4436 4439 4439 4440 4441 4441 4441 4443 4446
4447 4447 4451 4452 4452 4453 4453 4454 4456 4456
4456 4457 4457 4457 4458 4458 4459 4459 4461 4461
4461 4461 4463 4463 4464 4464 4464 4465 4469 4472
4473 4473 4474 4475 4477 4477 4479 4479 4480 4480
4481 4486 4486 4486 4488 4488 4489 4492 4493 4494
4494 4495 4495 4496 4498 4498 4502 4503 4505 4507
4508 4508 4511 4511 4511 4511 4511 4512 4514 4514
4514 4515 4517 4519 4520 4520 4521 4523 4525 4526
4527 4529 4529 4532 4534 4534 4536 4537 4537 4538
4538 4539 4539 4539 4540 4540 4541 4541 4542 4546
4547 4547 4551 4551 4553 4554 4555 4556 4556 4557
4564 4564 4565 4565 4565 4566 4567 4567 4568 4568
4568 4569 4570 4571 4571 4573 4576 4576 4577 4578
4579 4580 4582 4582 4583 4584 4586 4588 4590 4591
4592 4592 4593 4593 4593 4594 4595 4596 4596 4598
4598 4599 4599 4600 4600 4600 4601 4603 4603 4607
4607 4608 4610 4612 4613 4613 4616 4616 4617 4618
4619 4620 4622 4623 4625 4632 4632 4632 4633 4633
4638 4639 4639 4639 4641 4643 4645 4645 4645 4646
4646 4649 4649 4650 4652 4655 4656 4656 4658 4659
4659 4661 4661 4662 4662 4662 4662 4664 4667 4667
4667 4668 4668 4670 4671 4675 4675 4675 4676 4676
4676 4677 4679 4679 4680 4681 4681 4683 4685 4686
4686 4687 4688 4688 4688 4688 4690 4690 4690 4691
4692 4692 4694 4695 4696 4697 4698 4700 4700 4700
4700 4700 4701 4702 4702 4702 4703 4704 4704 4704
4705 4707 4707 4708 4710 4711 4711 4711 4712 4714
4714 4714 4714 4715 4716 4720 4721 4722 4722 4723
4723 4724 4724 4726 4726 4727 4727 4730 4730 4730
4733 4734 4734 4735 4741 4741 4742 4743 4743 4745
4747 4747 4747 4748 4749 4749 4751 4751 4751 4752
4753 4754 4756 4756 4757 4757 4759 4759 4761 4763
4764 4766 4766 4767 4767 4769 4769 4769 4770 4773
4776 4776 4777 4777 4778 4779 4780 4781 4781 4781
4782 4784 4784 4784 4785 4785 4788 4788 4788 4791
4792 4792 4793 4793 4793 4793 4795 4795 4796 4796
4799 4800 4801 4801 4803 4804 4806 4806 4807 4808
4808 4809 4809 4809 4811 4813 4814 4815 4816 4823
4824 4825 4827 4832 4834 4837 4837 4837 4838 4838
4839 4840 4841 4842 4844 4845 4846 4847 4848 4849
4849 4849 4850 4852 4852 4853 4853 4853 4854 4855
4855 4855 4858 4858 4859 4859 4860 4860 4860 4861
4861 4862 4863 4864 4867 4870 4870 4871 4871 4871
4872 4872 4877 4878 4878 4878 4879 4879 4879 4881
4882 4883 4885 4886 4886 4887 4888 4888 4888 4890
4891 4892 4895 4897 4897 4898 4898 4899 4899 4899
4903 4903 4906 4911 4911 4914 4915 4916 4916 4918
4919 4919 4920 4921 4922 4923 4923 4923 4926 4928
4928 4928 4928 4930 4931 4931 4932 4933 4934 4935
4937 4938 4939 4940 4941 4942 4942 4943 4944 4944
4946 4947 4949 4949 4951 4951 4952 4953 4954 4954
4954 4955 4955 4957 4957 4960 4962 4963 4963 4964
4964 4964 4968 4968 4968 4970 4970 4972 4973 4973
4973 4974 4974 4975 4975 4976 4978 4978 4979 4980
4982 4983 4984 4988 4989 4990 4992 4992 4994 4994
4997 4998 5000 5001 5002 5002 5004 5004 5007 5007
5007 5008 5009 5013 5013 5015 5015 5015 5015 5017
5018 5018 5019 5019 5020 5021 5022 5023 5024 5024
5025 5028 5028 5028 5033 5036 5037 5037 5037 5038
5038 5039 5040 5041 5041 5041 5042 5042 5042 5045
5045 5045 5045 5046 5046 5046 5049 5050 5051 5052
5053 5054 5054 5054 5054 5054 5062 5063 5063 5063
5064 5065 5066 5067 5067 5067 5068 5068 5069 5070
5070 5071 5071 5072 5074 5075 5076 5076 5077 5077
5077 5077 5078 5079 5080 5081 5082 5082 5082 5083
5085 5086 5087 5088 5092 5093 5093 5094 5094 5095
5096 5099 5099 5101 5101 5103 5104 5104 5105 5107
5110 5111 5111 5111 5112 5112 5113 5115 5115 5117
5119 5119 5120 5121 5123 5123 5124 5126 5126 5127
5128 5129 5129 5129 5129 5130 5131 5131 5133 5135
5136 5137 5138 5138 5140 5142 5143 5143 5143 5145
5145 5146 5146 5147 5148 5149 5150 5150 5150 5151
5152 5152 5153 5153 5153 5154 5155 5156 5157 5158
5159 5159 5161 5164 5164 5166 5166 5166 5166 5167
5169 5170 5172 5173 5173 5174 5176 5176 5177 5177
5177 5177 5178 5179 5180 5181 5182 5182 5183 5184
5184 5185 5186 5191 5191 5192 5192 5195 5196 5197
5198 5199 5199 5200 5203 5203 5203 5203 5205 5205
5205 5205 5207 5209 5209 5211 5211 5211 5211 5211
5211 5211 5211 5212 5213 5213 5214 5215 5216 5216
5217 5218 5218 5218 5218 5218 5220 5221 5221 5221
5222 5222 5222 5225 5225 5225 5226 5229 5230 5230
5230 5233 5234 5235 5235 5235 5235 5235 5238 5239
5239 5239 5240 5241 5242 5243 5244 5245 5246 5247
5250 5250 5251 5251 5251 5255 5256 5256 5257 5259
5261 5261 5262 5262 5263 5264 5264 5265 5265 5266
5266 5270 5270 5272 5273 5273 5275 5277 5278 5280
5281 5282 5282 5282 5282 5283 5284 5286 5287 5288
5288 5289 5290 5291 5292 5294 5295 5295 5295 5297
5299 5300 5303 5303 5303 5305 5305 5306 5309 5309
5310 5312 5312 5314 5314 5315 5318 5318 5319 5320
5320 5322 5322 5322 5322 5326 5326 5326 5327 5327
5329 5330 5331 5332 5332 5333 5334 5338 5339 5341
5341 5341 5342 5344 5346 5347 5348 5349 5350 5350
5351 5352 5353 5353 5353 5356 5357 5362 5362 5363
5366 5367 5367 5367 5368 5369 5370 5371 5372 5375
5376 5377 5378 5378 5379 5379 5381 5382 5382 5383
5383 5383 5384 5386 5386 5387 5388 5388 5389 5389
5389 5390 5390 5392 5393 5394 5396 5397 5400 5402
5404 5404 5407 5407 5408 5412 5413 5413 5413 5415
5415 5415 5416 5417 5418 5418 5418 5420 5422 5422
5424 5425 5426 5426 5433 5435 5440 5440 5441 5442
5443 5443 5444 5444 5445 5445 5446 5449 5450 5450
5451 5451 5452 5453 5453 5454 5456 5458 5459 5461
5462 5462 5463 5466 5467 5468 5472 5472 5472 5473
5474 5477 5477 5477 5478 5479 5479 5479 5479 5480
5480 5482 5483 5483 5484 5486 5487 5488 5488 5489
5496 5496 5497 5498 5499 5501 5502 5503 5503 5504
5505 5509 5509 5509 5510 5510 5512 5514 5515 5515
5516 5518 5520 5520 5520 5521 5524 5524 5525 5525
5526 5527 5528 5528 5535 5536 5537 5537 5538 5540
5541 5542 5542 5543 5543 5543 5544 5545 5545 5545
5547 5547 5547 5548 5548 5548 5549 5550 5550 5551
5551 5553 5554 5554 5555 5566 5567 5568 5569 5570
5573 5573 5574 5575 5575 5577 5578 5578 5579 5579
5581 5583 5583 5583 5585 5585 5585 5586 5589 5590
5591 5595 5595 5595 5598 5599 5599 5600 5601 5601
5603 5604 5604 5605 5606 5608 5609 5610 5611 5612
5612 5613 5615 5616 5618 5619 5621 5623 5623 5624
5624 5625 5625 5625 5626 5626 5628 5629 5630 5630
5630 5631 5632 5632 5633 5633 5634 5635 5636 5637
5638 5639 5640 5641 5641 5641 5642 5644 5647 5648
5650 5652 5654 5655 5655 5657 5657 5657 5658 5658
5659 5659 5660 5661 5664 5664 5664 5665 5666 5669
5671 5671 5671 5672 5673 5673 5678 5678 5680 5681
5682 5682 5682 5683 5683 5684 5685 5685 5685 5686
5686 5686 5687 5687 5692 5695 5697 5698 5698 5699
5699 5699 5702 5703 5703 5704 5708 5708 5708 5710
5712 5712 5715 5717 5717 5717 5718 5718 5718 5720
5721 5723 5723 5724 5724 5726 5726 5726 5730 5732
5732 5736 5738 5740 5741 5747 5747 5748 5748 5749
5749 5751 5751 5753 5754 5754 5757 5758 5758 5760
5763 5765 5765 5765 5765 5766 5767 5768 5769 5770
5772 5774 5774 5776 5778 5779 5780 5781 5781 5782
5782 5783 5783 5786 5786 5786 5787 5788 5788 5789
5789 5792 5793 5794 5799 5800 5801 5802 5802 5802
5803 5803 5804 5805 5806 5806 5807 5807 5808 5809
5810 5811 5812 5817 5817 5818 5819 5823 5824 5826
5826 5827 5830 5830 5832 5834 5834 5838 5840 5841
5842 5842 5842 5850 5850 5851 5853 5855 5855 5855
5856 5858 5858 5859 5860 5860 5862 5862 5863 5863
5864 5864 5864 5865 5866 5868 5870 5870 5870 5872
5874 5875 5878 5880 5880 5886 5889 5890 5890 5892
5893 5893 5894 5895 5899 5900 5900 5902 5902 5903
5904 5905 5905 5907 5908 5908 5909 5911 5912 5912
5913 5915 5915 5917 5917 5917 5920 5920 5923 5924
5925 5927 5927 5928 5929 5932 5933 5935 5937 5938
5938 5938 5938 5940 5941 5941 5942 5942 5943 5949
5949 5949 5950 5950 5951 5952 5952 5953 5954 5955
5956 5956 5956 5957 5959 5959 5960 5960 5964 5966
5967 5969 5969 5970 5971 5971 5972 5974 5975 5975
5975 5976 5976 5977 5979 5980 5980 5981 5984 5985
5987 5987 5988 5989 5990 5990 5990 5991 5991 5992
5994 5995 5996 5996 5996 5996 5997 6002 6003 6004
6004 6004 6004 6005 6005 6006 6006 6006 6007 6007
6009 6009 6009 6010 6010 6010 6011 6012 6013 6013
6017 6018 6018 6020 6025 6026 6026 6026 6031 6032
6032 6033 6034 6034 6034 6034 6036 6037 6038 6039
6040 6040 6040 6041 6042 6044 6044 6046 6049 6050
6050 6051 6051 6053 6054 6055 6055 6057 6059 6059
6060 6061 6062 6064 6064 6065 6068 6069 6069 6071
6073 6073 6073 6074 6076 6077 6079 6083 6084 6084
6085 6086 6086 6086 6088 6088 6089 6089 6090 6091
6091 6093 6093 6093 6094 6095 6097 6099 6100 6101
6101 6103 6104 6105 6107 6108 6108 6110 6110 6112
6112 6113 6116 6116 6117 6117 6118 6118 6119 6121
6121 6121 6123 6123 6124 6124 6125 6126 6126 6126
6128 6130 6130 6130 6132 6133 6133 6134 6135 6136
6137 6137 6137 6138 6139 6140 6142 6143 6143 6144
6144 6145 6146 6146 6150 6151 6151 6153 6155 6158
6159 6159 6160 6160 6161 6163 6163 6166 6166 6167
6167 6168 6169 6171 6173 6174 6175 6176 6178 6178
6178 6179 6179 6181 6183 6185 6185 6186 6186 6186
6187 6187 6188 6190 6191 6196 6197 6197 6197 6201
6202 6202 6202 6202 6204 6207 6208 6208 6209 6212
6212 6213 6214 6214 6215 6215 6215 6215 6215 6216
6218 6220 6221 6223 6227 6229 6229 6230 6230 6230
6234 6238 6242 6244 6244 6246 6248 6248 6249 6250
6250 6251 6251 6251 6251 6253 6253 6255 6256 6256
6258 6258 6259 6260 6260 6261 6262 6263 6264 6267
6267 6269 6271 6272 6272 6273 6273 6274 6276 6278
6278 6280 6282 6284 6284 6284 6284 6288 6288 6288
6289 6289 6289 6293 6293 6293 6293 6294 6295 6295
6296 6299 6300 6300 6300 6300 6301 6301 6301 6303
6304 6305 6305 6306 6307 6311 6312 6312 6313 6313
6313 6314 6316 6316 6317 6317 6317 6319 6320 6328
6328 6330 6332 6333 6334 6334 6334 6336 6337 6337
6340 6340 6342 6343 6344 6345 6346 6348 6348 6349
6351 6353 6354 6356 6356 6357 6357 6360 6360 6361
6365 6365 6365 6366 6366 6368 6368 6368 6369 6369
6370 6370 6370 6370 6373 6374 6376 6378 6379 6379
6380 6380 6380 6382 6383 6385 6386 6387 6387 6387
6388 6390 6390 6391 6393 6395 6399 6400 6400 6400
6400 6401 6402 6404 6404 6406 6406 6408 6409 6410
6410 6410 6412 6414 6415 6416 6416 6416 6417 6418
6420 6421 6422 6425 6426 6427 6428 6428 6428 6429
6430 6430 6431 6432 6432 6432 6432 6434 6434 6434
6435 6436 6437 6437 6438 6439 6440 6442 6446 6449
6450 6450 6450 6451 6453 6453 6455 6455 6456 6456
6458 6460 6460 6461 6462 6465 6467 6468 6469 6469
6471 6472 6473 6474 6477 6478 6479 6479 6480 6485
6485 6486 6486 6486 6486 6488 6488 6489 6491 6494
6494 6495 6496 6498 6498 6498 6500 6501 6501 6503
6503 6505 6505 6506 6507 6508 6508 6508 6510 6510
6511 6511 6513 6515 6516 6516 6516 6517 6519 6519
6519 6520 6521 6521 6522 6523 6523 6523 6525 6527
6527 6528 6530 6531 6531 6532 6532 6532 6532 6532
6534 6536 6538 6538 6539 6539 6540 6540 6542 6542
6543 6543 6543 6544 6544 6544 6544 6544 6546 6546
6546 6548 6551 6551 6552 6552 6553 6554 6554 6555
6556 6559 6559 6561 6562 6562 6564 6565 6568 6570
6573 6573 6575 6576 6577 6579 6581 6581 6584 6584
6585 6586 6586 6587 6587 6589 6590 6590 6594 6596
6596 6596 6597 6600 6601 6602 6602 6603 6606 6608
6609 6609 6610 6610 6610 6610 6611 6611 6612 6614
6615 6615 6616 6617 6617 6617 6617 6618 6621 6622
6624 6625 6628 6629 6629 6630 6630 6631 6632 6635
6636 6636 6636 6637 6638 6638 6638 6639 6640 6642
6642 6644 6644 6644 6645 6646 6646 6646 6647 6647
6648 6648 6649 6649 6652 6652 6653 6653 6655 6656
6659 6660 6660 6662 6662 6664 6664 6666 6667 6669
6669 6670 6672 6673 6674 6674 6674 6675 6675 6678
6680 6683 6683 6684 6687 6688 6689 6690 6691 6691
6693 6693 6694 6694 6695 6696 6696 6697 6698 6700
6701 6703 6704 6705 6707 6707 6707 6708 6708 6709
6710 6712 6713 6714 6716 6716 6716 6716 6717 6722
6723 6723 6723 6724 6724 6724 6724 6725 6726 6727
6728 6729 6729 6729 6730 6731 6731 6732 6732 6733
6733 6734 6736 6739 6740 6740 6742 6742 6744 6744
6745 6745 6746 6747 6748 6749 6750 6751 6752 6752
6753 6754 6754 6755 6756 6757 6759 6759 6761 6761
6762 6763 6764 6764 6764 6765 6765 6765 6765 6765
6766 6767 6767 6767 6769 6770 6770 6771 6773 6774
6775 6776 6777 6781 6784 6785 6785 6786 6788 6789
6790 6790 6791 6791 6792 6794 6794 6796 6799 6800
6800 6802 6804 6805 6809 6810 6810 6810 6810 6811
6811 6812 6814 6817 6817 6819 6819 6820 6821 6823
6824 6825 6825 6826 6827 6828 6828 6828 6829 6831
6833 6835 6835 6836 6837 6838 6839 6840 6843 6847
6848 6848 6852 6853 6853 6856 6857 6857 6858 6859
6860 6861 6861 6862 6865 6865 6866 6866 6867 6868
6868 6868 6868 6868 6869 6870 6871 6872 6873 6876
6880 6880 6880 6883 6884 6884 6885 6886 6888 6888
6891 6892 6893 6896 6896 6897 6898 6898 6899 6899
6900 6905 6908 6908 6910 6910 6910 6911 6914 6914
6914 6915 6916 6916 6917 6917 6918 6918 6922 6924
6926 6928 6929 6932 6934 6935 6936 6936 6937 6937
6939 6940 6941 6942 6943 6944 6944 6946 6948 6948
6948 6948 6949 6950 6952 6952 6953 6954 6956 6958
6961 6961 6964 6965 6968 6971 6971 6973 6974 6974
6975 6977 6977 6977 6978 6982 6983 6985 6985 6986
6987 6987 6989 6989 6990 6991 6991 6992 6993 6995
6998 6998 6999 6999 7002 7003 7003 7004 7007 7008
7008 7010 7011 7011 7011 7013 7013 7014 7014 7015
7018 7019 7020 7021 7021 7021 7023 7024 7030 7031
7034 7034 7035 7035 7039 7044 7044 7046 7047 7047
7047 7048 7050 7051 7053 7053 7053 7055 7055 7056
7057 7057 7057 7059 7062 7066 7068 7069 7069 7070
7070 7070 7071 7071 7072 7073 7074 7074 7077 7078
7078 7080 7081 7081 7082 7082 7082 7082 7083 7084
7085 7085 7085 7085 7086 7087 7088 7089 7090 7090
7094 7094 7095 7095 7095 7095 7097 7098 7098 7098
7099 7101 7101 7104 7106 7107 7109 7110 7110 7111
7112 7112 7112 7114 7115 7120 7120 7121 7121 7121
7122 7122 7123 7123 7125 7127 7127 7127 7128 7129
7129 7130 7131 7131 7132 7133 7134 7134 7134 7135
7136 7137 7139 7139 7139 7139 7140 7142 7144 7145
7146 7148 7149 7151 7151 7151 7151 7152 7155 7155
7156 7156 7157 7157 7162 7162 7164 7165 7166 7166
7167 7167 7167 7168 7169 7170 7170 7171 7171 7172
7172 7173 7174 7174 7175 7176 7178 7178 7180 7180
7181 7182 7183 7186 7186 7187 7188 7188 7192 7193
7196 7196 7197 7197 7197 7199 7204 7208 7208 7208
7208 7209 7209 7209 7210 7212 7215 7216 7219 7220
7221 7222 7223 7223 7225 7226 7226 7228 7229 7230
7230 7230 7231 7232 7232 7234 7234 7234 7236 7236
7239 7240 7241 7241 7242 7243 7243 7244 7244 7244
7246 7248 7248 7248 7249 7249 7249 7249 7250 7250
7254 7255 7256 7258 7258 7258 7259 7262 7262 7263
7263 7264 7265 7265 7265 7265 7265 7265 7266 7267
7267 7269 7270 7275 7275 7276 7276 7277 7279 7280
7280 7281 7282 7283 7284 7284 7286 7286 7288 7290
7291 7293 7293 7296 7298 7298 7299 7300 7300 7300
7301 7302 7302 7303 7304 7304 7305 7305 7308 7311
7312 7312 7312 7313 7315 7315 7315 7316 7316 7318
7318 7318 7319 7322 7322 7324 7325 7327 7327 7329
7330 7330 7331 7331 7331 7332 7332 7332 7333 7333
7334 7336 7336 7337 7338 7338 7338 7339 7340 7340
7340 7340 7340 7341 7342 7342 7343 7343 7343 7345
7345 7346 7348 7349 7349 7349 7352 7352 7354 7356
7356 7359 7360 7362 7365 7365 7366 7367 7368 7369
7371 7376 7380 7380 7382 7382 7383 7384 7384 7386
7386 7386 7387 7391 7391 7391 7391 7391 7391 7392
7393 7395 7396 7397 7398 7398 7399 7400 7401 7402
7403 7404 7408 7411 7411 7413 7413 7414 7415 7415
7416 7419 7419 7422 7423 7427 7428 7431 7431 7431
7432 7433 7433 7433 7433 7434 7434 7434 7436 7439
7440 7441 7441 7441 7442 7443 7443 7444 7445 7445
7445 7445 7448 7451 7452 7453 7454 7455 7456 7458
7461 7461 7462 7462 7465 7466 7468 7468 7469 7470
7471 7474 7475 7475 7480 7481 7482 7483 7486 7486
7487 7488 7489 7489 7489 7489 7490 7490 7491 7495
7495 7496 7498 7501 7501 7502 7502 7503 7505 7505
7505 7506 7506 7507 7508 7509 7512 7513 7514 7514
7514 7516 7517 7518 7518 7519 7519 7519 7520 7520
7524 7525 7526 7527 7527 7529 7529 7529 7530 7531
7532 7535 7536 7537 7540 7541 7541 7541 7551 7551
7551 7551 7553 7554 7556 7558 7560 7560 7560 7561
7562 7562 7563 7563 7563 7567 7570 7570 7571 7572
7572 7575 7575 7576 7578 7579 7579 7579 7580 7580
7582 7582 7582 7588 7588 7588 7590 7590 7591 7591
7591 7594 7594 7596 7596 7599 7600 7601 7604 7605
7606 7608 7611 7612 7613 7614 7615 7619 7619 7620
7621 7622 7623 7623 7625 7626 7627 7627 7627 7629
7630 7630 7631 7631 7632 7633 7633 7633 7633 7634
7635 7636 7636 7637 7638 7639 7639 7639 7640 7640
7640 7641 7644 7645 7647 7647 7648 7650 7651 7655
7656 7656 7657 7660 7663 7664 7666 7666 7667 7669
7669 7670 7672 7673 7674 7674 7675 7676 7676 7676
7676 7678 7681 7682 7682 7683 7685 7685 7688 7688
7690 7690 7690 7690 7692 7693 7694 7694 7696 7700
7703 7704 7704 7705 7705 7706 7706 7707 7708 7708
7710 7712 7712 7712 7713 7713 7714 7714 7714 7715
7716 7717 7717 7717 7717 7717 7718 7720 7720 7720
7720 7721 7722 7723 7725 7727 7728 7729 7731 7732
7735 7736 7739 7746 7746 7746 7747 7748 7748 7748
7750 7755 7755 7755 7755 7756 7756 7757 7758 7758
7759 7760 7761 7763 7767 7768 7770 7771 7772 7774
7775 7776 7776 7779 7779 7780 7781 7782 7784 7785
7785 7786 7787 7787 7788 7788 7788 7790 7793 7793
7794 7797 7797 7798 7800 7800 7800 7801 7801 7802
7804 7805 7805 7805 7805 7806 7807 7807 7807 7808
7808 7810 7811 7811 7814 7815 7817 7817 7817 7817
7818 7820 7820 7822 7822 7824 7825 7826 7827 7828
7830 7830 7830 7832 7832 7833 7833 7834 7836 7837
7837 7837 7839 7841 7843 7845 7846 7848 7849 7849
7851 7857 7857 7858 7859 7859 7860 7861 7861 7864
7865 7865 7867 7868 7869 7873 7874 7875 7876 7876
7878 7878 7878 7880 7881 7882 7884 7885 7886 7889
7889 7889 7895 7895 7899 7899 7901 7902 7902 7902
7903 7905 7907 7909 7909 7909 7910 7911 7911 7911
7912 7912 7912 7913 7915 7915 7916 7917 7917 7919
7924 7927 7927 7928 7928 7929 7929 7929 7930 7930
7934 7934 7934 7938 7940 7941 7942 7942 7943 7943
7945 7945 7945 7946 7946 7946 7947 7950 7951 7952
7954 7954 7956 7956 7956 7957 7957 7958 7959 7959
7959 7960 7960 7960 7961 7962 7964 7965 7965 7965
7965 7965 7966 7967 7969 7969 7970 7971 7972 7973
7975 7975 7978 7978 7979 7980 7981 7982 7982 7982
7984 7985 7987 7989 7989 7990 7991 7991 7992 7993
7993 7994 7994 7995 7995 7997 7997 7998 7999 7999
8000 8001 8001 8001 8003 8004 8005 8006 8007 8009
8010 8011 8012 8013 8013 8013 8014 8014 8015 8016
8016 8017 8017 8020 8020 8021 8021 8021 8024 8024
8025 8027 8028 8028 8029 8029 8030 8034 8035 8037
8039 8039 8039 8040 8041 8043 8043 8044 8045 8047
8048 8049 8050 8050 8052 8052 8052 8052 8053 8054
8057 8057 8059 8061 8061 8062 8062 8062 8064 8066
8066 8067 8067 8068 8068 8069 8071 8071 8071 8072
8072 8072 8072 8073 8074 8077 8077 8078 8079 8080
8081 8082 8082 8082 8083 8085 8085 8088 8089 8090
8091 8091 8091 8091 8092 8093 8094 8095 8099 8100
8101 8102 8103 8105 8107 8108 8111 8113 8115 8115
8118 8119 8121 8121 8124 8125 8125 8125 8126 8126
8127 8127 8127 8129 8129 8132 8132 8133 8133 8134
8137 8138 8138 8139 8139 8139 8141 8143 8144 8145
8146 8148 8148 8150 8150 8150 8150 8152 8155 8155
8155 8157 8159 8160 8161 8163 8165 8166 8166 8167
8167 8170 8170 8173 8174 8175 8175 8177 8179 8179
8179 8181 8184 8185 8186 8187 8188 8189 8190 8192
8193 8193 8194 8195 8195 8196 8199 8200 8200 8201
8203 8211 8211 8212 8212 8212 8213 8214 8214 8214
8216 8216 8217 8217 8217 8217 8218 8218 8219 8219
8222 8222 8223 8224 8224 8224 8225 8225 8226 8226
8226 8227 8228 8228 8229 8230 8231 8232 8232 8233
8235 8237 8237 8237 8238 8239 8239 8240 8242 8243
8245 8245 8247 8249 8249 8249 8250 8252 8252 8252
8253 8257 8257 8258 8258 8259 8260 8261 8262 8263
8264 8264 8264 8265 8267 8268 8272 8275 8276 8276
8277 8277 8279 8283 8283 8285 8285 8286 8286 8287
8288 8288 8290 8290 8292 8292 8292 8295 8297 8299
8302 8303 8303 8303 8303 8303 8304 8305 8306 8306
8308 8309 8310 8311 8313 8313 8314 8317 8317 8317
8324 8326 8327 8328 8328 8328 8329 8329 8329 8329
8331 8331 8334 8334 8336 8337 8341 8343 8344 8344
8344 8345 8346 8346 8348 8350 8350 8351 8351 8353
8353 8355 8356 8356 8357 8360 8360 8361 8362 8362
8364 8364 8364 8365 8365 8367 8369 8370 8372 8373
8373 8373 8373 8373 8373 8375 8376 8379 8381 8381
8383 8383 8386 8386 8387 8388 8390 8390 8391 8391
8392 8392 8392 8394 8394 8395 8395 8396 8397 8399
8399 8400 8400 8401 8401 8402 8406 8406 8406 8407
8408 8409 8409 8409 8410 8411 8412 8412 8413 8413
8418 8418 8419 8420 8420 8420 8421 8421 8422 8422
8423 8423 8426 8426 8426 8427 8427 8427 8427 8428
8428 8430 8431 8431 8431 8432 8433 8434 8434 8435
8436 8436 8437 8438 8439 8442 8442 8443 8444 8445
8446 8447 8448 8449 8449 8450 8451 8452 8453 8454
8455 8457 8457 8458 8460 8460 8461 8461 8462 8462
8463 8463 8467 8467 8469 8469 8469 8470 8471 8472
8473 8475 8476 8477 8479 8480 8483 8484 8486 8487
8487 8489 8489 8490 8491 8493 8494 8496 8497 8497
8498 8501 8502 8503 8504 8504 8505 8506 8506 8508
8508 8511 8511 8512 8512 8513 8514 8514 8515 8515
8516 8520 8521 8523 8525 8528 8529 8532 8533 8533
8535 8535 8535 8538 8539 8540 8541 8542 8543 8544
8545 8545 8546 8548 8548 8550 8552 8554 8555 8555
8555 8556 8556 8557 8557 8557 8557 8557 8557 8558
8558 8559 8560 8560 8560 8563 8565 8565 8567 8568
8568 8568 8571 8572 8573 8573 8573 8573 8577 8577
8578 8578 8578 8579 8580 8580 8582 8582 8583 8583
8584 8584 8585 8588 8589 8589 8590 8591 8591 8591
8594 8595 8595 8597 8597 8598 8601 8601 8601 8601
8604 8604 8604 8606 8606 8606 8606 8607 8607 8607
8608 8610 8611 8611 8614 8615 8616 8620 8620 8621
8621 8621 8622 8622 8624 8624 8625 8625 8626 8626
8627 8627 8628 8629 8630 8630 8630 8630 8631 8632
8632 8633 8634 8634 8635 8636 8636 8637 8638 8639
8639 8639 8641 8643 8643 8645 8646 8647 8647 8649
8650 8651 8652 8652 8654 8654 8655 8655 8656 8656
8657 8660 8660 8661 8661 8661 8662 8663 8665 8665
8667 8667 8667 8668 8669 8670 8671 8671 8672 8672
8673 8675 8675 8677 8677 8677 8678 8679 8680 8681
8681 8682 8683 8683 8684 8685 8692 8695 8695 8695
8696 8698 8698 8700 8700 8701 8702 8702 8702 8702
8703 8703 8704 8705 8706 8707 8707 8711 8713 8713
8714 8715 8716 8716 8716 8716 8717 8717 8717 8719
8720 8721 8722 8723 8723 8723 8724 8725 8725 8725
8725 8726 8727 8728 8728 8729 8732 8735 8735 8735
8736 8737 8737 8737 8738 8739 8741 8742 8743 8744
8744 8745 8745 8747 8749 8749 8749 8750 8750 8751
8752 8754 8755 8756 8757 8757 8758 8758 8759 8760
8761 8761 8761 8762 8763 8763 8765 8765 8766 8767
8767 8767 8767 8768 8769 8769 8770 8770 8771 8772
8772 8773 8773 8776 8778 8778 8782 8782 8784 8785
8786 8786 8788 8791 8791 8791 8792 8792 8793 8793
8793 8793 8794 8795 8795 8795 8796 8796 8796 8797
8797 8797 8798 8799 8799 8799 8800 8801 8805 8808
8808 8810 8810 8813 8813 8813 8814 8814 8814 8818
8819 8820 8821 8822 8823 8824 8825 8826 8827 8828
8828 8828 8830 8830 8831 8831 8832 8834 8838 8838
8839 8841 8842 8842 8842 8845 8848 8848 8848 8849
8849 8850 8850 8851 8853 8855 8857 8857 8858 8862
8863 8863 8863 8863 8864 8865 8867 8867 8867 8867
8869 8869 8870 8873 8873 8873 8875 8875 8876 8876
8877 8877 8879 8881 8881 8883 8884 8886 8886 8886
8888 8889 8891 8891 8891 8892 8892 8893 8894 8895
8897 8897 8898 8900 8900 8902 8903 8904 8906 8912
8914 8915 8915 8915 8917 8917 8919 8920 8922 8923
8924 8927 8927 8929 8929 8930 8930 8932 8932 8932
8933 8934 8935 8939 8939 8940 8940 8940 8941 8941
8941 8942 8942 8943 8944 8945 8945 8946 8948 8950
8950 8950 8952 8952 8954 8955 8955 8956 8957 8957
8958 8958 8959 8961 8961 8962 8963 8964 8964 8965
8966 8966 8966 8967 8970 8972 8972 8972 8973 8974
8974 8974 8974 8974 8975 8976 8977 8978 8980 8980
8981 8981 8984 8984 8985 8985 8986 8986 8987 8987
8987 8988 8989 8989 8992 8993 8994 8995 8995 8996
8997 8998 8998 8998 9004 9005 9005 9006 9008 9009
9011 9011 9013 9013 9014 9014 9016 9017 9017 9018
9019 9021 9021 9022 9024 9025 9025 9028 9028 9029
9029 9029 9030 9031 9032 9035 9040 9040 9040 9041
9041 9042 9042 9044 9045 9045 9046 9047 9047 9048
9049 9050 9051 9052 9053 9055 9056 9056 9057 9058
9059 9059 9060 9061 9061 9063 9066 9066 9070 9072
9072 9073 9074 9074 9074 9075 9076 9076 9078 9079
9081 9081 9083 9085 9086 9087 9089 9089 9089 9090
9090 9091 9091 9093 9095 9095 9095 9096 9097 9098
9099 9099 9101 9101 9101 9104 9106 9109 9109 9110
9110 9110 9113 9114 9115 9118 9118 9118 9118 9121
9121 9121 9121 9122 9123 9125 9128 9129 9129 9131
9132 9134 9134 9138 9138 9138 9140 9140 9142 9142
9143 9143 9143 9144 9144 9149 9149 9151 9151 9152
9152 9153 9153 9156 9158 9158 9160 9162 9163 9165
9165 9166 9167 9167 9167 9168 9168 9168 9169 9169
9173 9173 9174 9178 9180 9181 9181 9182 9183 9183
9186 9189 9190 9190 9191 9191 9191 9192 9201 9202
9203 9205 9206 9206 9207 9207 9208 9210 9210 9212
9213 9213 9215 9215 9215 9217 9217 9219 9219 9219
9220 9222 9224 9225 9227 9227 9227 9227 9228 9228
9230 9230 9231 9232 9233 9234 9235 9235 9236 9236
9236 9237 9237 9239 9241 9242 9243 9245 9246 9246
9246 9249 9250 9251 9251 9251 9251 9253 9256 9258
9259 9259 9260 9260 9260 9262 9264 9266 9268 9269
9269 9271 9271 9272 9272 9273 9273 9274 9276 9278
9279 9282 9282 9285 9287 9289 9289 9290 9291 9292
9296 9297 9297 9298 9302 9302 9303 9303 9305 9309
9309 9311 9311 9311 9313 9314 9317 9317 9317 9317
9318 9320 9326 9326 9328 9328 9328 9330 9330 9332
9332 9334 9334 9334 9334 9335 9335 9336 9338 9339
9339 9340 9340 9341 9343 9344 9344 9346 9346 9346
9348 9349 9349 9349 9349 9350 9352 9354 9355 9355
9356 9356 9358 9361 9363 9363 9364 9364 9367 9371
9371 9373 9376 9377 9379 9382 9382 9383 9383 9383
9384 9385 9385 9387 9387 9387 9388 9389 9389 9391
9392 9394 9394 9396 9397 9399 9399 9399 9401 9403
9403 9403 9404 9404 9404 9406 9406 9407 9408 9409
9409 9410 9411 9411 9411 9412 9413 9414 9415 9417
9417 9418 9422 9423 9423 9424 9426 9426 9427 9427
9427 9428 9430 9431 9431 9432 9432 9433 9434 9434
9434 9434 9435 9437 9438 9439 9439 9440 9441 9441
9441 9441 9441 9442 9442 9443 9444 9445 9447 9447
9448 9448 9449 9449 9450 9451 9451 9451 9451 9452
9452 9453 9453 9454 9458 9458 9459 9459 9459 9460
9461 9462 9462 9463 9463 9464 9466 9466 9466 9467
9467 9468 9468 9470 9471 9475 9475 9477 9478 9478
9478 9478 9479 9482 9482 9484 9485 9485 9486 9487
9492 9492 9494 9496 9498 9501 9502 9505 9505 9507
9508 9508 9510 9510 9510 9511 9512 9512 9512 9515
9518 9519 9520 9521 9521 9522 9522 9523 9526 9526
9528 9530 9531 9532 9534 9535 9536 9536 9537 9538
9539 9541 9542 9542 9543 9544 9544 9544 9545 9545
9546 9546 9546 9546 9547 9547 9547 9549 9549 9552
9553 9553 9554 9555 9556 9556 9560 9561 9562 9562
9562 9563 9563 9563 9566 9566 9568 9568 9568 9569
9569 9569 9570 9571 9572 9573 9573 9579 9580 9580
9580 9581 9583 9583 9583 9584 9586 9587 9587 9587
9588 9589 9589 9589 9591 9592 9593 9593 9593 9593
9596 9596 9597 9598 9600 9602 9603 9605 9605 9606
9607 9608 9610 9611 9611 9612 9615 9616 9621 9621
9623 9624 9625 9625 9626 9626 9627 9628 9629 9631
9631 9632 9632 9635 9637 9637 9638 9638 9640 9642
9644 9644 9645 9648 9648 9648 9650 9650 9651 9651
9652 9652 9653 9653 9654 9655 9655 9656 9657 9658
9660 9660 9661 9662 9663 9663 9664 9664 9664 9665
9665 9665 9666 9667 9668 9669 9669 9671 9673 9675
9675 9675 9679 9681 9682 9683 9683 9684 9684 9685
9687 9689 9689 9690 9691 9693 9694 9695 9695 9696
9697 9699 9700 9701 9701 9703 9703 9704 9705 9705
9705 9705 9707 9707 9709 9709 9712 9713 9714 9717
9718 9718 9720 9720 9721 9723 9726 9727 9728 9729
9731 9732 9732 9733 9734 9735 9735 9743 9744 9745
9745 9746 9746 9746 9747 9747 9747 9748 9749 9749
9750 9750 9751 9753 9754 9756 9756 9757 9757 9758
9762 9764 9764 9764 9766 9767 9768 9769 9771 9773
9773 9773 9774 9774 9775 9775 9775 9776 9778 9779
9779 9781 9781 9782 9782 9782 9783 9783 9785 9785
9787 9787 9787 9791 9792 9793 9794 9794 9798 9799
9801 9803 9803 9803 9805 9806 9806 9807 9808 9809
9811 9813 9813 9815 9815 9816 9817 9819 9825 9827
9830 9831 9832 9833 9834 9836 9838 9839 9840 9840
9840 9841 9841 9841 9847 9847 9847 9848 9849 9850
9850 9850 9851 9852 9853 9855 9857 9857 9857 9857
9860 9862 9862 9863 9864 9869 9870 9870 9871 9871
9872 9876 9877 9880 9881 9882 9882 9882 9883 9883
9884 9885 9887 9888 9889 9889 9890 9891 9892 9892
9892 9893 9894 9894 9895 9895 9896 9898 9899 9899
9903 9906 9907 9907 9908 9909 9911 9912 9917 9917
9919 9923 9923 9925 9927 9928 9930 9931 9933 9936
9936 9937 9937 9938 9938 9939 9939 9940 9940 9941
9943 9943 9945 9945 9945 9945 9945 9946 9947 9948
9951 9952 9955 9956 9956 9958 9958 9958 9958 9959
9959 9960 9960 9962 9962 9962 9962 9963 9963 9963
9963 9964 9964 9965 9966 9967 9967 9970 9970 9970
9971 9972 9973 9973 9973 9976 9978 9978 9980 9980
9982 9982 9983 9983 9985 9988 9988 9989 9989 9990
9990 9990 9991 9991 9992 9992 9995 9996 9997 9999
